=~=~=~=~=~=~=~=~=~=~=~= PuTTY log 2020.09.21 20:37:05 =~=~=~=~=~=~=~=~=~=~=~=
-0.01
-0.06
-0.31
-0.52
-0.91
-1.26
-1.76
-2.17
-2.67
-3.03
-3.42
-3.58
-3.74
-3.67
-3.58
-3.28
-2.97
-2.40
-1.80
-0.94
-0.02
1.15
2.33
3.72
5.06
6.56
7.97
9.48
10.83
12.19
13.31
14.38
15.13
15.76
16.03
16.12
15.82
15.33
14.45
13.37
11.91
10.28
8.26
6.12
3.66
1.11
-1.69
-4.47
-7.40
-10.23
-13.12
-15.80
-18.43
-20.74
-22.89
-24.65
-26.16
-27.17
-27.88
-27.99
-27.69
-26.80
-25.53
-23.69
-21.52
-18.85
-15.89
-12.46
-8.83
-4.84
-0.74
3.61
7.95
12.41
16.70
20.93
24.84
28.57
31.85
34.80
37.14
39.04
40.25
40.97
40.96
40.36
38.97
37.00
34.28
31.07
27.20
22.95
18.17
13.10
7.61
1.98
-3.91
-9.77
-15.71
-21.42
-27.00
-32.16
-37.02
-41.29
-45.09
-48.14
-50.60
-52.22
-53.17
-53.20
-52.49
-50.85
-48.49
-45.24
-41.34
-36.61
-31.34
-25.39
-19.08
-12.29
-5.33
1.92
9.14
16.43
23.45
30.29
36.65
42.63
47.57
51.78
55.01
57.44
58.82
59.35
58.83
57.49
55.17
52.13
48.24
43.79
38.63
33.08
26.99
20.68
14.03
7.40
0.66
-5.85
-12.22
-18.15
-23.77
-28.80
-33.37
-37.22
-40.49
-42.93
-44.76
-45.74
-46.08
-45.60
-44.52
-42.67
-40.29
-37.25
-33.79
-29.77
-25.47
-20.76
-15.93
-10.86
-5.84
-0.74
4.15
8.95
13.39
17.63
21.38
24.81
27.66
30.12
31.95
33.34
34.08
34.38
34.04
33.30
31.97
30.34
28.21
25.85
23.07
20.12
16.85
13.52
9.99
6.53
3.00
-0.35
-3.67
-6.69
-9.57
-12.09
-14.41
-16.33
-18.01
-19.23
-20.21
-20.73
-21.03
-20.89
-20.55
-19.79
-18.87
-17.62
-16.30
-14.71
-13.10
-11.26
-9.45
-7.49
-5.61
-3.66
-1.89
-0.12
1.42
2.91
4.12
5.26
6.12
6.90
7.38
7.78
7.90
7.96
7.76
7.52
7.04
6.57
5.93
5.33
4.59
3.94
3.18
2.57
1.90
1.39
0.84
0.45
0.04
-0.17
-0.39
-0.41
-0.46
-0.33
-0.23
0.03
200
-200
0.38
0.72
1.36
1.85
2.59
3.11
3.79
4.15
4.58
4.63
4.68
4.29
3.87
3.00
2.09
0.73
-0.63
-2.43
-4.22
-6.39
-8.52
-10.97
-13.26
-15.76
-17.99
-20.30
-22.23
-24.14
-25.53
-26.76
-27.38
-27.76
-27.43
-26.82
-25.49
-23.83
-21.44
-18.77
-15.40
-11.81
-7.62
-3.29
1.54
6.35
11.49
16.48
21.65
26.48
31.30
35.60
39.71
43.12
46.18
48.42
50.17
50.93
51.08
50.18
48.63
45.96
42.61
38.19
33.20
27.31
21.02
13.99
6.72
-1.11
-8.96
-17.11
-25.01
-32.98
-40.46
-47.75
-54.28
-60.32
-65.35
-69.71
-72.89
-75.20
-76.14
-76.06
-74.54
-72.01
-68.05
-63.12
-56.82
-49.65
-41.31
-32.33
-22.44
-12.20
-1.35
9.55
20.75
31.66
42.50
52.69
62.45
71.20
79.18
85.84
91.49
95.59
98.44
99.50
99.17
97.03
93.52
88.26
81.72
73.58
64.39
53.85
42.55
30.17
17.29
3.68
-9.99
-23.95
-37.55
-51.02
-63.69
-75.78
-86.62
-96.46
-104.70
-111.63
-115.62
-117.95
-118.20
-116.79
-113.37
-108.42
-101.65
-93.62
-84.06
-73.55
-61.87
-49.63
-36.62
-23.46
-9.95
3.27
16.42
28.87
40.85
51.74
61.81
70.51
78.14
84.18
89.00
92.12
93.94
94.05
92.90
90.13
86.21
80.83
74.52
66.97
58.73
49.55
40.00
29.81
19.59
9.08
-1.13
-11.30
-20.86
-30.08
-38.42
-46.16
-52.79
-58.63
-63.20
-66.88
-69.22
-70.62
-70.66
-69.80
-67.66
-64.74
-60.71
-56.06
-50.48
-44.51
-37.86
-31.05
-23.77
-16.54
-9.07
-1.91
5.25
11.86
18.26
23.93
29.23
33.64
37.55
40.48
42.85
44.24
45.07
44.91
44.23
42.66
40.68
37.95
34.94
31.30
27.54
23.30
19.11
14.62
10.34
5.89
1.79
-2.33
-5.99
-9.54
-12.51
-15.29
-17.44
-19.36
-20.63
-21.67
-22.09
-22.30
-21.92
-21.38
-20.34
-19.28
-17.81
-16.38
-14.61
-12.96
-11.05
-9.33
-7.43
-5.79
-4.03
-2.65
-1.25
-0.28
0.68
1.21
1.72
1.81
1.90
1.62
1.43
0.92
0.56
-0.05
200
-200
-0.75
-1.69
-2.46
-3.38
-4.00
-4.65
-4.88
-5.01
-4.65
-4.15
-3.11
-1.90
-0.14
1.80
4.26
6.81
9.76
12.71
16.00
19.19
22.58
25.70
28.83
31.52
34.09
36.06
37.73
38.65
39.07
38.58
37.54
35.55
32.99
29.53
25.56
20.75
15.54
9.59
3.32
-3.55
-10.55
-17.95
-25.25
-32.67
-39.70
-46.62
-52.91
-58.81
-63.83
-68.21
-71.48
-73.92
-75.07
-75.24
-74.00
-71.68
-67.93
-63.08
-56.79
-49.47
-40.86
-31.44
-20.99
-10.05
1.59
13.39
25.53
37.43
49.25
60.40
71.11
80.85
89.80
97.40
103.86
108.61
111.85
113.13
112.79
110.41
106.36
100.28
92.63
83.15
72.33
59.94
46.53
31.92
16.72
0.74
-15.46
-31.99
-48.21
-64.22
-79.38
-93.81
-106.87
-118.69
-128.68
-137.01
-143.15
-147.34
-149.13
-148.81
-145.97
-140.94
-133.34
-123.66
-111.63
-97.80
-82.00
-64.82
-46.15
-26.64
-6.21
14.50
35.54
56.19
76.51
95.77
114.01
130.52
145.38
157.96
168.45
176.25
181.53
183.80
181.46
176.14
168.32
157.79
145.13
130.23
113.73
95.55
76.36
56.11
35.50
14.49
-6.21
-26.64
-46.11
-64.70
-81.79
-97.49
-111.18
-123.05
-132.59
-140.08
-145.06
-147.87
-148.13
-146.24
-141.94
-135.70
-127.34
-117.38
-105.63
-92.67
-78.36
-63.29
-47.34
-31.16
-14.63
1.60
17.61
32.78
47.26
60.47
72.58
83.09
92.22
99.48
105.17
108.87
110.93
111.01
109.50
106.11
101.32
94.88
87.30
78.39
68.68
58.00
46.96
35.35
23.75
11.95
0.52
-10.74
-21.29
-31.33
-40.36
-48.65
-55.72
-61.86
-66.62
-70.30
-72.52
-73.67
-73.43
-72.23
-69.81
-66.62
-62.35
-57.49
-51.76
-45.66
-38.92
-32.05
-24.79
-17.63
-10.33
-3.37
3.51
9.81
15.75
20.89
25.54
29.30
32.50
34.76
36.47
37.27
37.55
36.99
36.01
34.27
32.23
29.57
26.76
23.52
20.36
16.95
13.76
10.47
7.51
4.57
2.08
-0.30
-2.15
-3.80
-4.87
-5.75
-6.06
-6.20
-5.85
-5.44
-4.66
-3.91
-2.85
-1.92
-0.84
-0.04
200
-200
1.22
2.65
3.48
4.53
4.90
5.41
5.16
5.01
4.05
3.15
1.43
-0.24
-2.71
-5.08
-8.16
-10.99
-14.41
-17.47
-20.97
-23.98
-27.27
-29.87
-32.55
-34.38
-36.13
-36.80
-37.20
-36.43
-35.30
-32.95
-30.28
-26.44
-22.37
-17.25
-12.03
-5.92
0.14
6.94
13.60
20.89
27.82
35.13
41.82
48.67
54.65
60.48
65.16
69.45
72.35
74.66
75.40
75.37
73.66
71.12
66.89
61.85
55.18
47.79
38.89
29.48
18.83
7.97
-3.79
-15.38
-27.48
-39.03
-50.67
-61.33
-71.68
-80.68
-89.02
-95.70
-101.43
-105.21
-107.79
-108.22
-107.26
-104.05
-99.51
-92.77
-84.76
-74.72
-63.66
-50.88
-37.45
-22.71
-7.75
8.08
23.68
39.69
55.00
70.20
84.16
97.48
109.13
119.76
128.27
135.32
139.90
142.69
142.74
140.87
136.25
129.77
120.64
109.82
96.57
81.96
65.33
47.80
28.80
9.39
-10.99
-31.14
-51.62
-71.23
-90.53
-108.34
-125.21
-139.97
-153.21
-163.81
-172.42
-178.03
-181.40
-181.55
-179.24
-173.55
-163.25
-150.17
-135.38
-118.29
-100.05
-80.11
-59.64
-38.13
-16.78
4.92
25.75
46.26
65.25
83.31
99.34
113.97
126.13
136.54
144.18
149.85
152.64
153.43
151.38
147.46
140.88
132.74
122.31
110.65
97.13
82.82
67.10
51.07
34.14
17.44
0.36
-15.96
-32.12
-46.99
-61.17
-73.57
-84.88
-94.10
-101.97
-107.51
-111.56
-113.26
-113.47
-111.40
-107.99
-102.47
-95.85
-87.42
-78.22
-67.58
-56.55
-44.47
-32.41
-19.75
-7.56
4.84
16.39
27.80
38.04
47.82
56.14
63.78
69.79
74.97
78.40
80.92
81.67
81.53
79.69
77.09
72.96
68.26
62.27
55.96
48.58
41.15
32.95
24.99
16.53
8.57
0.36
-7.10
-14.56
-21.04
-27.31
-32.40
-37.13
-40.60
-43.66
-45.44
-46.77
-46.81
-46.49
-45.01
-43.31
-40.63
-37.93
-34.42
-31.04
-27.01
-23.27
-19.04
-15.28
-11.19
-7.70
-4.01
-1.02
2.01
4.18
6.34
7.61
8.85
9.23
9.61
9.19
8.88
7.86
7.08
5.71
4.68
3.17
2.13
0.79
0.10
200
-200
-1.25
-2.76
-3.37
-4.33
-4.30
-4.57
-3.84
-3.40
-1.95
-0.76
1.46
3.37
6.22
8.65
11.87
14.50
17.82
20.49
23.71
26.07
28.74
30.35
32.13
32.69
33.30
32.54
31.67
29.39
27.00
23.22
19.42
14.34
9.34
3.19
-2.70
-9.51
-15.85
-22.93
-29.40
-36.45
-42.62
-49.09
-54.41
-59.81
-63.82
-67.64
-69.82
-71.54
-71.46
-70.84
-68.35
-65.28
-60.37
-54.96
-47.82
-40.27
-31.10
-21.72
-10.98
-0.35
11.28
22.41
34.17
45.03
56.08
65.82
75.33
83.21
90.60
96.00
100.54
102.79
103.96
102.72
100.33
95.52
89.62
81.41
72.33
61.18
49.43
35.95
22.25
7.19
-7.70
-23.48
-38.62
-54.17
-68.59
-82.94
-95.68
-107.86
-117.96
-127.07
-133.75
-139.15
-141.84
-143.04
-141.36
-137.98
-131.63
-123.67
-112.94
-100.85
-86.29
-70.77
-53.19
-35.10
-15.48
4.06
24.50
44.28
64.38
83.17
101.63
118.13
133.64
146.62
158.18
166.79
173.56
177.02
178.34
176.17
171.84
164.04
154.14
140.92
123.70
104.18
83.96
62.09
40.22
17.40
-4.73
-27.11
-48.08
-68.59
-87.04
-104.45
-119.28
-132.65
-143.08
-151.74
-157.21
-160.70
-160.94
-159.28
-154.53
-148.10
-138.83
-128.21
-115.16
-101.24
-85.40
-69.21
-51.64
-34.24
-16.02
1.46
19.19
35.61
51.76
66.12
79.75
91.15
101.44
109.18
115.61
119.36
121.73
121.40
119.73
115.52
110.21
102.63
94.24
83.90
73.11
60.77
48.38
34.86
21.72
7.96
-4.92
-18.00
-29.81
-41.49
-51.57
-61.22
-69.02
-76.19
-81.36
-85.80
-88.18
-89.75
-89.24
-88.00
-84.87
-81.25
-75.94
-70.34
-63.27
-56.15
-47.81
-39.68
-30.60
-22.02
-12.79
-4.34
4.48
12.20
19.99
26.46
32.80
37.63
42.18
45.13
47.78
48.82
49.60
48.83
47.87
45.47
43.02
39.30
35.73
31.16
27.00
22.03
17.64
12.62
8.38
3.68
-0.10
-4.17
-7.19
-10.40
-12.49
-14.70
-15.72
-16.87
-16.86
-17.04
-16.18
-15.59
-14.03
-12.83
-10.78
-9.28
-7.09
-5.60
-3.58
-2.38
-0.79
-0.16
200
-200
1.25
2.92
3.24
4.14
3.64
3.73
2.41
1.68
-0.42
-1.89
-4.69
-6.75
-9.97
-12.30
-15.62
-17.86
-20.91
-22.70
-25.14
-26.15
-27.65
-27.60
-27.96
-26.71
-25.83
-23.29
-21.10
-17.30
-13.94
-9.08
-4.78
0.89
5.94
12.29
17.83
24.44
30.01
36.42
41.60
47.43
51.82
56.61
59.71
63.01
64.41
65.81
65.12
64.28
61.28
58.14
52.89
47.53
40.17
32.88
23.80
14.97
4.55
-5.33
-16.44
-26.59
-37.60
-47.29
-57.47
-65.96
-74.55
-81.06
-87.33
-91.23
-94.66
-95.52
-95.70
-93.18
-89.96
-84.10
-77.68
-68.80
-59.58
-48.18
-36.75
-23.49
-10.51
3.99
17.82
32.78
46.67
61.22
74.20
87.33
98.41
109.19
117.48
125.08
129.85
133.66
134.45
134.12
130.64
126.01
118.26
109.40
97.55
84.84
69.50
53.74
35.81
18.00
-1.43
-20.19
-39.98
-58.49
-77.36
-94.35
-111.14
-125.48
-139.08
-149.70
-159.09
-165.09
-169.60
-170.53
-169.76
-165.26
-159.01
-149.11
-137.67
-122.88
-106.90
-88.00
-66.20
-42.72
-19.91
3.84
26.18
48.75
69.22
89.25
106.57
122.91
136.05
147.83
156.12
162.81
165.88
167.28
165.11
161.41
154.31
145.94
134.51
122.19
107.23
91.86
74.36
57.01
38.10
19.91
0.76
-17.09
-35.33
-51.70
-67.85
-81.57
-94.65
-104.92
-114.22
-120.47
-125.57
-127.51
-128.26
-125.90
-122.49
-116.17
-109.07
-99.38
-89.29
-77.02
-64.76
-50.74
-37.20
-22.39
-8.52
6.17
19.45
33.08
44.88
56.67
66.31
75.70
82.72
89.27
93.31
96.80
97.76
98.21
96.21
93.82
89.14
84.27
77.34
70.48
61.83
53.49
43.64
34.40
23.96
14.46
4.08
-5.03
-14.70
-22.76
-31.07
-37.51
-43.97
-48.40
-52.78
-55.09
-57.32
-57.52
-57.70
-55.94
-54.26
-50.77
-47.55
-42.73
-38.42
-32.73
-27.79
-21.72
-16.63
-10.64
-5.81
-0.23
4.01
8.85
12.24
16.08
18.37
21.05
22.16
23.67
23.62
24.01
22.90
22.35
20.43
19.18
16.68
14.98
12.18
10.39
7.69
6.13
3.76
2.64
0.79
0.24
200
-200
-1.45
-2.96
-3.52
-4.22
-3.94
-3.81
-2.70
-1.78
0.06
1.64
4.00
5.92
8.49
10.56
13.18
15.09
17.30
18.61
20.07
20.50
20.98
20.35
19.70
17.90
16.08
13.15
10.24
6.28
2.45
-2.31
-6.80
-12.05
-16.92
-22.43
-27.37
-32.72
-37.24
-41.96
-45.62
-49.26
-51.65
-53.76
-54.41
-54.66
-53.37
-51.63
-48.31
-44.56
-39.31
-33.76
-26.84
-19.74
-11.41
-3.09
6.19
15.20
24.89
33.98
43.46
52.00
60.56
67.79
74.69
79.95
84.56
87.25
89.08
88.81
87.54
84.10
79.63
73.06
65.61
56.24
46.24
34.63
22.71
9.53
-3.58
-17.54
-31.00
-44.91
-57.91
-70.94
-82.66
-93.97
-103.51
-112.20
-118.75
-124.06
-126.87
-128.25
-127.00
-124.26
-118.90
-112.11
-102.82
-92.30
-79.55
-65.87
-50.31
-34.24
-16.71
0.87
19.35
37.28
55.51
72.64
89.49
104.63
118.93
131.00
141.76
149.88
156.38
159.93
161.53
159.97
156.36
149.61
140.92
129.21
115.76
99.64
82.24
62.68
42.39
20.56
-3.02
-26.76
-49.15
-70.98
-90.80
-109.44
-125.49
-139.86
-151.23
-160.58
-166.71
-170.70
-171.37
-169.85
-165.09
-158.36
-148.72
-137.49
-123.77
-108.92
-92.06
-74.61
-55.76
-36.93
-17.30
1.69
20.87
38.80
56.35
72.13
87.03
99.70
111.08
119.89
127.15
131.66
134.53
134.63
133.14
129.00
123.46
115.56
106.58
95.57
83.87
70.55
56.97
42.22
27.67
12.43
-2.12
-16.86
-30.40
-43.66
-55.33
-66.37
-75.52
-83.79
-89.94
-95.04
-97.94
-99.81
-99.52
-98.28
-95.02
-90.97
-85.11
-78.72
-70.82
-62.70
-53.35
-44.06
-33.85
-24.02
-13.60
-3.87
6.13
15.12
24.09
31.77
39.19
45.10
50.55
54.37
57.65
59.27
60.38
59.89
58.99
56.66
54.09
50.24
46.32
41.30
36.40
30.60
25.15
19.03
13.47
7.45
2.19
-3.34
-7.89
-12.53
-16.08
-19.64
-22.03
-24.38
-25.55
-26.71
-26.72
-26.76
-25.74
-24.84
-22.94
-21.30
-18.86
-16.85
-14.21
-12.14
-9.58
-7.74
-5.53
-4.11
-2.39
-1.52
-0.39
-0.14
200
-200
0.76
1.68
1.48
1.62
0.70
0.20
-1.30
-2.31
-4.23
-5.51
-7.53
-8.76
-10.55
-11.44
-12.81
-13.15
-13.81
-13.33
-13.13
-11.77
-10.69
-8.45
-6.43
-3.20
-0.25
3.82
7.50
12.15
16.22
21.09
25.22
30.04
34.00
38.43
41.78
45.38
47.69
50.08
51.00
51.85
51.09
50.11
47.46
44.60
40.09
35.43
29.19
22.91
15.23
7.68
-1.05
-9.40
-18.70
-27.35
-36.62
-44.88
-53.43
-60.66
-67.87
-73.46
-78.73
-82.09
-84.84
-85.43
-85.29
-82.91
-79.76
-74.39
-68.33
-60.20
-51.58
-41.15
-30.52
-18.39
-6.42
6.72
19.40
32.88
45.49
58.50
70.24
81.93
91.89
101.37
108.74
115.28
119.38
122.38
122.74
121.80
118.09
113.07
105.36
96.49
85.15
72.93
58.57
43.70
27.13
10.53
-7.27
-24.56
-42.58
-59.53
-76.57
-91.97
-106.90
-119.67
-131.47
-140.63
-148.43
-153.26
-156.47
-156.49
-154.78
-149.82
-143.12
-133.28
-121.87
-107.56
-91.99
-73.90
-55.02
-34.22
-13.27
8.96
30.65
52.92
74.30
94.90
112.97
129.71
143.45
155.46
164.14
170.84
174.04
175.21
172.93
168.74
161.31
152.23
140.24
127.01
111.33
94.90
76.57
58.06
38.24
18.87
-1.12
-19.97
-38.84
-56.00
-72.62
-87.05
-100.52
-111.40
-120.99
-127.66
-132.84
-135.04
-135.74
-133.52
-129.91
-123.58
-116.12
-106.24
-95.62
-83.01
-70.08
-55.60
-41.27
-25.89
-11.17
4.10
18.24
32.45
45.09
57.42
67.80
77.55
85.12
91.88
96.31
99.84
101.00
101.28
99.27
96.52
91.70
86.37
79.21
71.79
62.81
53.86
43.66
33.81
23.03
12.93
2.23
-7.47
-17.45
-26.08
-34.66
-41.62
-48.31
-53.18
-57.64
-60.25
-62.46
-62.85
-62.89
-61.21
-59.33
-55.86
-52.36
-47.50
-42.85
-37.04
-31.64
-25.31
-19.61
-13.19
-7.60
-1.50
3.58
9.00
13.24
17.69
20.82
24.07
26.00
28.03
28.74
29.58
29.15
28.94
27.54
26.45
24.29
22.58
19.94
17.89
15.07
12.99
10.26
8.41
6.04
4.66
2.83
2.01
0.75
0.51
-0.16
0.18
200
-200
0.01
-0.06
0.71
1.21
2.50
3.42
4.88
5.77
7.12
7.79
8.80
9.06
9.57
9.26
9.17
8.22
7.46
5.82
4.38
2.09
0.04
-2.81
-5.42
-8.81
-11.96
-15.89
-19.43
-23.55
-27.08
-30.99
-34.12
-37.50
-39.95
-42.42
-43.79
-45.05
-45.05
-44.81
-43.23
-41.39
-38.20
-34.70
-29.81
-24.68
-18.30
-11.85
-4.32
3.08
11.30
19.15
27.56
35.31
43.37
50.56
57.78
63.79
69.50
73.73
77.42
79.40
80.65
80.06
78.61
75.21
70.95
64.82
57.95
49.37
40.24
29.65
18.80
6.83
-5.04
-17.66
-29.78
-42.31
-53.98
-65.67
-76.10
-86.14
-94.53
-102.15
-107.73
-112.14
-114.21
-114.94
-113.22
-110.13
-104.60
-97.76
-88.61
-78.37
-66.11
-53.09
-38.44
-23.47
-7.32
8.72
25.52
41.73
58.15
73.46
88.53
101.99
114.64
125.17
134.44
141.19
146.36
148.76
149.38
147.12
143.04
136.09
127.42
116.04
103.16
87.89
71.53
53.23
34.32
14.02
-6.28
-27.33
-47.70
-68.11
-87.18
-105.66
-121.57
-135.87
-147.30
-156.80
-163.16
-167.41
-168.56
-167.68
-163.73
-157.90
-149.22
-138.92
-126.13
-112.15
-96.15
-79.47
-61.31
-43.03
-23.86
-5.18
13.79
31.67
49.23
65.15
80.17
93.03
104.62
113.76
121.41
126.43
129.85
130.56
129.69
126.24
121.38
114.15
105.80
95.43
84.30
71.54
58.45
44.20
30.14
15.41
1.31
-12.99
-26.21
-39.22
-50.77
-61.74
-70.93
-79.28
-85.62
-90.92
-94.08
-96.19
-96.20
-95.22
-92.27
-88.50
-82.96
-76.82
-69.17
-61.23
-52.08
-42.94
-32.90
-23.20
-12.94
-3.34
6.52
15.43
24.32
32.00
39.43
45.42
50.96
54.95
58.42
60.30
61.67
61.49
60.91
58.97
56.79
53.37
49.86
45.27
40.76
35.35
30.20
24.34
18.92
12.97
7.64
1.96
-2.93
-7.97
-12.01
-16.07
-19.04
-21.95
-23.69
-25.38
-25.96
-26.55
-26.12
-25.78
-24.50
-23.40
-21.48
-19.86
-17.54
-15.65
-13.21
-11.35
-9.05
-7.42
-5.41
-4.15
-2.58
-1.80
-0.74
-0.45
0.16
0.05
0.30
-0.13
200
-200
-0.35
-0.89
-1.50
-2.24
-2.99
-3.75
-4.31
-4.70
-4.79
-4.63
-4.11
-3.33
-2.19
-0.79
0.98
3.02
5.40
7.98
10.80
13.76
16.91
20.10
23.39
26.64
29.93
33.08
36.09
38.75
41.07
42.86
44.16
44.77
44.73
43.90
42.36
40.03
36.98
33.14
28.66
23.51
17.84
11.57
4.80
-2.43
-9.93
-17.65
-25.40
-33.10
-40.52
-47.62
-54.19
-60.18
-65.42
-69.88
-73.35
-75.79
-77.05
-77.14
-75.95
-73.54
-69.78
-64.75
-58.40
-50.91
-42.27
-32.71
-22.28
-11.21
0.43
12.36
24.46
36.46
48.25
59.51
70.19
80.08
89.08
96.91
103.48
108.57
112.12
113.85
113.78
111.74
107.83
102.01
94.45
85.17
74.39
62.18
48.81
34.41
19.27
3.48
-12.66
-28.96
-45.05
-60.80
-75.89
-90.14
-103.23
-115.01
-125.22
-133.69
-140.16
-144.56
-146.68
-146.52
-143.96
-139.09
-131.87
-122.47
-110.95
-97.54
-82.32
-65.59
-47.50
-28.40
-8.50
11.81
32.32
52.61
72.45
91.41
109.22
125.49
140.02
152.47
161.43
167.78
171.53
172.58
171.02
166.86
160.34
151.49
140.58
127.73
113.22
97.22
80.07
61.93
43.22
24.16
5.14
-13.64
-31.81
-49.16
-65.32
-80.13
-93.30
-104.74
-114.18
-121.60
-126.86
-130.01
-130.99
-129.88
-126.69
-121.62
-114.72
-106.21
-96.15
-84.83
-72.35
-59.02
-44.98
-30.55
-15.87
-1.31
12.95
26.60
39.53
51.48
62.36
71.96
80.24
87.02
92.30
95.94
98.00
98.40
97.28
94.62
90.59
85.22
78.69
71.07
62.62
53.45
43.79
33.71
23.48
13.16
3.02
-6.88
-16.28
-25.15
-33.28
-40.63
-47.03
-52.49
-56.83
-60.08
-62.15
-63.16
-63.05
-61.97
-59.93
-57.13
-53.58
-49.45
-44.75
-39.64
-34.14
-28.41
-22.47
-16.51
-10.54
-4.73
0.90
6.14
10.98
15.28
19.09
22.26
24.84
26.74
28.05
28.68
28.77
28.27
27.34
25.95
24.24
22.23
20.05
17.69
15.29
12.82
10.43
8.08
5.92
3.90
2.18
0.68
-0.48
-1.38
-1.93
-2.25
-2.25
-2.06
-1.66
-1.19
-0.59
-0.01
200
-200
